active 1
playing 1
playlist 0
position 16
shuffle 13,14,15,16
resume-state 1
resume-time 5487
playlist 1
position 102
shuffle 0,1,2,3,4,5,6,7,8,9,10,11,12,13,14,15
shuffle 16,17,18,19,20,21,22,23,24,25,27,28,29,30,31,32
shuffle 33,34,35,36,37,38,39,40,41,42,43,44,45,46,47,48
shuffle 49,50,51,52,53,54,55,56,57,58,59,60,61,110,111,112
shuffle 113,114,150,104,97,251,96,262,138,377,108,162,163,164,165,166
shuffle 167,168,169,170,171,172,173,174,175,176,177,178,179,180,181,182
shuffle 183,184,185,186,187,188,189,190,191,192,193,194,195,196,197,198
shuffle 199,200,201,202,203,204,205,206,207,208,209,210,211,212,213,214
shuffle 215,216,217,218,220,221,222,223,224,229,230,231,232,233,115,116
shuffle 117,118,119,120,121,122,123,124,125,126,127,128,129,130,131,132
shuffle 133,338,339,340,341,342,343,344,345,346,347,348,349,350,351,352
shuffle 353,335,337,331,321,274,275,273,276,277,278,279,280,153,141,142
shuffle 143,144,145,136,137,73,372,354,359,363,364,84,85,83,316,307
shuffle 72,290,106,308,369,380,313,269,309,320,381,299,297,148,246,219
shuffle 375,90,318,291,261,362,156,311,135,134,109,370,102
resume-state 1
resume-time 151329
